date,dimension,Computer and Electronics,Internet and Telecom,other,Shopping & General Merchandise,Finance,Gambling,"News, Media, and Publications",Business and Industry,Professional Services,"Art, Entertainment & Recreation",GET,POST,HEAD,OPTIONS,PATCH,DELETE,PUT,UNKNOWN,ACL,HTTP/2,HTTP/1.x,HTTP/3
2026-03-17T00:00:00Z,vertical,25.769067,20.721951,14.429398,10.13492,8.092424,7.855122,5.867773,3.585282,3.040914,0.50315,,,,,,,,,,,,
2026-03-18T00:00:00Z,vertical,26.580627,19.899791,10.450977,11.436042,8.649532,10.192815,5.723885,3.518062,3.223048,0.325222,,,,,,,,,,,,
2026-03-19T00:00:00Z,vertical,23.529425,18.565362,13.000303,10.710852,10.375286,11.169957,5.72768,3.465091,3.006121,0.449922,,,,,,,,,,,,
2026-03-20T00:00:00Z,vertical,22.958645,19.15016,9.734862,11.116114,11.658168,13.646177,4.731051,3.306221,2.890512,0.808091,,,,,,,,,,,,
2026-03-21T00:00:00Z,vertical,24.337538,21.271669,8.922349,10.032142,8.750406,8.417184,5.873741,3.446974,2.511553,6.436444,,,,,,,,,,,,
2026-03-22T00:00:00Z,vertical,24.51469,22.737545,9.678996,11.574492,7.63849,8.414489,8.976313,2.887459,2.822814,0.754712,,,,,,,,,,,,
2026-03-23T00:00:00Z,vertical,33.043918,17.13804,9.222181,11.429424,8.534585,8.496513,5.370707,3.154888,3.004441,0.605304,,,,,,,,,,,,
2026-03-24T00:00:00Z,vertical,28.001063,18.724383,10.323509,12.722465,9.114722,7.690183,5.208305,4.422109,3.377439,0.415823,,,,,,,,,,,,
2026-03-25T00:00:00Z,vertical,27.255825,20.220424,9.555588,13.935493,9.756462,7.145321,4.966215,3.562309,3.149035,0.453328,,,,,,,,,,,,
2026-03-26T00:00:00Z,vertical,25.426736,21.39499,10.100921,12.574875,10.207955,6.770564,4.802574,4.852726,3.404978,0.463681,,,,,,,,,,,,
2026-03-27T00:00:00Z,vertical,20.500051,20.422225,8.375228,10.779427,10.623917,18.127402,4.110711,3.527459,3.232765,0.300816,,,,,,,,,,,,
2026-03-28T00:00:00Z,vertical,22.687505,21.372457,9.767463,10.265692,12.743026,8.96328,7.974765,3.15753,2.681079,0.387203,,,,,,,,,,,,
2026-03-29T00:00:00Z,vertical,24.215442,19.529542,8.980926,11.104388,13.578888,5.390815,7.722598,5.946771,2.485782,1.044849,,,,,,,,,,,,
2026-03-30T00:00:00Z,vertical,23.7592,17.170269,8.694713,9.629299,14.21325,6.859336,8.172843,4.277183,2.700938,4.522969,,,,,,,,,,,,
2026-03-31T00:00:00Z,vertical,21.032566,17.336178,8.448676,10.711702,15.498674,10.549865,7.354624,2.722118,2.44259,3.903007,,,,,,,,,,,,
2026-04-01T00:00:00Z,vertical,20.234746,18.136077,10.117293,9.94612,15.375754,5.852417,10.045247,3.990586,2.951383,3.350379,,,,,,,,,,,,
2026-04-02T00:00:00Z,vertical,21.863176,19.423777,11.14635,10.615292,13.313786,5.570718,7.034639,4.105967,2.911773,4.014522,,,,,,,,,,,,
2026-04-03T00:00:00Z,vertical,20.749374,24.050822,10.146623,10.845629,11.50791,6.120903,5.555647,4.125084,3.162776,3.735232,,,,,,,,,,,,
2026-04-04T00:00:00Z,vertical,20.493718,29.548538,8.222094,9.469225,11.125531,6.612644,5.633772,2.380602,3.501981,3.011897,,,,,,,,,,,,
2026-04-05T00:00:00Z,vertical,22.59139,20.019032,9.396582,10.980935,12.773148,7.483604,6.75314,2.891745,3.118543,3.99188,,,,,,,,,,,,
2026-04-06T00:00:00Z,vertical,23.810222,19.764644,8.275715,11.736766,13.76841,5.131213,7.320303,2.905125,3.021495,4.266107,,,,,,,,,,,,
2026-04-07T00:00:00Z,vertical,22.81535,19.549025,7.954178,12.12144,13.635238,4.664455,6.526357,4.230803,4.293388,4.209765,,,,,,,,,,,,
2026-04-08T00:00:00Z,vertical,23.060655,19.322582,7.961531,11.076585,13.432082,7.127333,4.848049,2.652535,6.053293,4.465355,,,,,,,,,,,,
2026-04-09T00:00:00Z,vertical,22.091518,19.223686,7.999303,10.417017,12.130158,4.497707,11.032171,2.870382,5.536391,4.201666,,,,,,,,,,,,
2026-04-10T00:00:00Z,vertical,20.416808,18.883192,8.989535,10.146529,12.37497,3.865878,12.284877,2.846519,5.871588,4.320103,,,,,,,,,,,,
2026-04-11T00:00:00Z,vertical,18.945314,20.033477,9.197072,9.516463,15.901577,4.618807,8.309228,2.46386,7.002666,4.011535,,,,,,,,,,,,
2026-04-12T00:00:00Z,vertical,20.407871,22.144352,9.345542,11.874028,12.560197,6.64294,5.529656,2.521745,4.688116,4.285552,,,,,,,,,,,,
2026-04-13T00:00:00Z,vertical,19.916406,20.473045,9.52133,10.817059,10.27714,10.60795,5.444451,4.004027,4.468129,4.470462,,,,,,,,,,,,
2026-04-14T00:00:00Z,vertical,19.540712,19.620058,16.667328,9.348397,11.557936,8.18191,4.854179,2.390299,3.976873,3.862308,,,,,,,,,,,,
2026-04-15T00:00:00Z,vertical,18.768919,23.154386,19.491708,9.944775,10.266639,2.818677,4.998677,2.549374,4.123528,3.883317,,,,,,,,,,,,
2026-04-16T00:00:00Z,vertical,20.923564,21.195644,15.398199,10.479606,9.179514,6.442351,5.860411,2.437589,4.240999,3.842124,,,,,,,,,,,,
2026-04-17T00:00:00Z,vertical,19.317928,20.443198,20.454192,9.897656,7.168791,9.256034,3.797018,2.051232,3.90325,3.710701,,,,,,,,,,,,
2026-04-18T00:00:00Z,vertical,19.818289,24.507874,12.916967,9.793286,6.229066,12.402567,4.731748,2.166079,3.83076,3.603363,,,,,,,,,,,,
2026-04-19T00:00:00Z,vertical,19.485175,23.955499,12.828265,9.191416,6.479247,14.174135,4.916057,2.174261,4.012207,2.783737,,,,,,,,,,,,
2026-04-20T00:00:00Z,vertical,20.196041,20.6689,12.397404,9.326855,6.600146,14.201281,3.898539,2.075587,6.97413,3.661117,,,,,,,,,,,,
2026-04-21T00:00:00Z,vertical,23.136311,21.12158,10.117977,9.442632,6.789251,14.252417,5.405425,2.200099,3.63561,3.898697,,,,,,,,,,,,
2026-04-22T00:00:00Z,vertical,23.184678,21.906062,10.704762,11.281756,6.992277,11.157499,5.113872,2.237101,3.620191,3.801803,,,,,,,,,,,,
2026-04-23T00:00:00Z,vertical,22.508428,22.442915,10.273581,12.781209,6.841397,7.987907,7.072572,2.41673,4.009928,3.665334,,,,,,,,,,,,
2026-04-24T00:00:00Z,vertical,26.437869,18.711963,8.511612,10.901841,7.298714,8.47869,6.933207,2.59801,5.292253,4.835841,,,,,,,,,,,,
2026-04-25T00:00:00Z,vertical,25.277756,19.452067,8.592196,10.748037,7.015376,8.827016,8.297461,2.461781,5.281545,4.046764,,,,,,,,,,,,
2026-04-26T00:00:00Z,vertical,25.616192,18.239101,8.193428,10.081887,7.088688,10.135193,8.228003,2.432857,5.577362,4.407289,,,,,,,,,,,,
2026-04-27T00:00:00Z,vertical,27.375135,16.221085,8.343085,10.794223,9.677023,6.490312,7.440795,2.57075,6.810854,4.276738,,,,,,,,,,,,
2026-04-28T00:00:00Z,vertical,27.066959,14.846262,7.239029,10.134215,14.916419,5.908971,7.232648,3.346723,5.792493,3.516281,,,,,,,,,,,,
2026-04-29T00:00:00Z,vertical,25.553496,16.035644,7.531653,9.311727,7.588495,14.419199,6.727209,3.712239,5.574427,3.54591,,,,,,,,,,,,
2026-04-30T00:00:00Z,vertical,26.257904,17.99931,8.269037,11.039226,8.678047,6.887476,6.798219,4.038177,5.898485,4.134117,,,,,,,,,,,,
2026-05-01T00:00:00Z,vertical,24.066298,20.846913,8.471013,11.785149,9.405796,6.729589,7.582186,2.430547,4.806314,3.876194,,,,,,,,,,,,
2026-05-02T00:00:00Z,vertical,23.376146,21.341288,8.285857,15.615192,7.938965,4.503487,6.644232,2.578461,4.834698,4.881675,,,,,,,,,,,,
2026-05-03T00:00:00Z,vertical,23.029611,21.341158,8.396294,17.109449,7.348216,3.961061,6.828803,2.540588,5.021199,4.423622,,,,,,,,,,,,
2026-05-04T00:00:00Z,vertical,22.683295,20.667701,11.930794,13.179238,8.459593,3.884135,6.875382,2.828871,4.947713,4.543278,,,,,,,,,,,,
2026-05-05T00:00:00Z,vertical,29.066755,16.537675,11.560846,10.940728,7.525748,6.072521,6.66372,2.975165,4.483003,4.173838,,,,,,,,,,,,
2026-05-06T00:00:00Z,vertical,20.668055,16.496208,8.205776,11.258816,7.634266,6.0774,8.365852,2.373248,14.78707,4.133309,,,,,,,,,,,,
2026-05-07T00:00:00Z,vertical,20.714228,17.566445,9.039578,11.690924,7.811199,6.869304,6.69289,2.4942,13.178927,3.942304,,,,,,,,,,,,
2026-05-08T00:00:00Z,vertical,20.6415,23.563406,7.99899,13.830483,8.544603,8.435738,6.209099,2.449457,4.309353,4.017371,,,,,,,,,,,,
2026-05-09T00:00:00Z,vertical,19.558752,21.56122,8.056853,14.510089,6.597856,12.526621,6.961484,2.152944,4.147789,3.926391,,,,,,,,,,,,
2026-05-10T00:00:00Z,vertical,20.676057,23.18485,6.68985,14.59435,6.686666,11.251816,6.757829,2.307596,4.088916,3.762071,,,,,,,,,,,,
2026-05-11T00:00:00Z,vertical,23.501121,23.327823,6.82978,13.992327,6.971002,8.209249,6.601634,2.39562,4.215016,3.956428,,,,,,,,,,,,
2026-05-12T00:00:00Z,vertical,20.056094,29.669567,6.384327,13.726948,6.002325,8.114353,6.537843,2.215453,3.441766,3.851325,,,,,,,,,,,,
2026-05-13T00:00:00Z,vertical,23.733796,24.580093,7.718719,11.52732,6.317607,10.12876,6.22462,2.154623,3.484446,4.130017,,,,,,,,,,,,
2026-05-14T00:00:00Z,vertical,24.325172,22.460917,8.197932,10.667439,6.470497,12.034758,5.889837,2.405814,3.580313,3.96732,,,,,,,,,,,,
2026-05-15T00:00:00Z,vertical,23.362093,23.845716,7.174116,11.316368,6.877624,11.349096,6.231237,2.442906,3.456283,3.94456,,,,,,,,,,,,
2026-05-16T00:00:00Z,vertical,23.626204,24.169727,7.320415,10.153963,7.967865,9.824423,6.368089,2.705282,3.678938,4.185094,,,,,,,,,,,,
2026-05-17T00:00:00Z,vertical,23.000568,23.617575,7.403797,13.72044,6.406219,9.570938,6.196954,2.492632,3.388099,4.202779,,,,,,,,,,,,
2026-05-18T00:00:00Z,vertical,23.340933,24.548544,9.296282,10.729081,6.709169,8.814648,6.096789,2.767468,3.689742,4.007344,,,,,,,,,,,,
2026-05-19T00:00:00Z,vertical,22.021653,26.420194,8.771474,9.531541,6.172292,11.486139,6.315303,2.248448,3.640699,3.392257,,,,,,,,,,,,
2026-05-20T00:00:00Z,vertical,21.53227,27.956047,6.920911,8.624488,6.574666,13.759746,6.497372,2.26249,3.508119,2.363891,,,,,,,,,,,,
2026-05-21T00:00:00Z,vertical,24.878926,23.579965,6.111525,9.276647,6.46654,13.032595,6.76712,1.932533,6.065234,1.888913,,,,,,,,,,,,
2026-05-22T00:00:00Z,vertical,24.062228,28.359147,7.25189,10.741329,7.637411,7.156286,6.432557,2.385181,3.86441,2.109561,,,,,,,,,,,,
2026-05-23T00:00:00Z,vertical,23.659331,29.350773,8.463544,9.780092,7.332466,7.580039,6.387896,2.03759,3.266474,2.141796,,,,,,,,,,,,
2026-05-24T00:00:00Z,vertical,22.355148,24.648119,9.395799,9.777524,11.732923,7.849458,6.095158,2.066527,3.356501,2.722844,,,,,,,,,,,,
2026-05-25T00:00:00Z,vertical,23.884665,26.258901,8.566165,10.670952,7.15271,7.684829,5.851145,2.347169,4.089523,3.49394,,,,,,,,,,,,
2026-05-26T00:00:00Z,vertical,23.672639,28.44781,7.433508,10.913489,6.64737,7.715323,5.537787,2.503183,3.714539,3.414353,,,,,,,,,,,,
2026-05-27T00:00:00Z,vertical,21.884648,27.063565,7.658789,10.621727,6.206973,10.97457,5.755335,2.52705,3.636188,3.671156,,,,,,,,,,,,
2026-05-28T00:00:00Z,vertical,22.864505,24.739271,6.679134,10.642599,6.283589,14.223929,5.405945,2.027336,3.906484,3.227208,,,,,,,,,,,,
2026-05-29T00:00:00Z,vertical,22.240234,27.104134,8.307696,10.715192,6.841816,8.505665,6.971422,2.138231,3.96973,3.20588,,,,,,,,,,,,
2026-05-30T00:00:00Z,vertical,22.604482,28.078774,7.802806,10.657536,6.861444,10.001186,5.342014,2.046691,3.491143,3.113923,,,,,,,,,,,,
2026-05-31T00:00:00Z,vertical,22.21437,28.345497,6.223563,11.260426,6.745875,12.091212,5.739818,2.09594,3.655561,1.627738,,,,,,,,,,,,
2026-06-01T00:00:00Z,vertical,21.036479,28.541166,6.43694,11.752438,7.177731,11.141968,5.770101,2.121864,3.666507,2.354807,,,,,,,,,,,,
2026-06-02T00:00:00Z,vertical,21.430151,30.363338,6.881206,14.699294,7.95833,7.03589,4.576638,2.135352,3.670576,1.249227,,,,,,,,,,,,
2026-06-03T00:00:00Z,vertical,20.009871,24.521676,14.315002,15.395452,6.69156,8.280114,4.421566,1.993012,3.268622,1.103124,,,,,,,,,,,,
2026-06-04T00:00:00Z,vertical,18.761337,24.848806,15.387175,17.307044,5.952579,6.934021,3.976347,2.665437,3.050246,1.117008,,,,,,,,,,,,
2026-06-05T00:00:00Z,vertical,18.138758,25.153829,14.053741,19.238546,6.946124,7.207077,2.976406,2.150391,3.097917,1.037212,,,,,,,,,,,,
2026-06-06T00:00:00Z,vertical,20.850906,28.543503,11.844625,14.568269,5.984171,7.674671,3.749142,2.209881,3.314106,1.260726,,,,,,,,,,,,
2026-06-07T00:00:00Z,vertical,22.622963,29.211915,9.930129,14.554247,6.165685,5.409835,4.3713,2.605943,3.78052,1.347463,,,,,,,,,,,,
2026-06-08T00:00:00Z,vertical,21.175705,29.775108,9.277776,12.182091,8.438918,7.916177,3.478705,2.708697,3.828506,1.218316,,,,,,,,,,,,
2026-06-09T00:00:00Z,vertical,21.980599,30.475928,8.636892,12.99169,7.247238,7.741833,3.439271,2.364296,3.956849,1.165407,,,,,,,,,,,,
